pid:
  mass: 9.8
  inertial:
    ixx: 0.2657850073760001
    ixy: 0
    ixz: 0
    iyy: 0.547769109776
    iyz: 0
    izz: 0.5047755776
