%YAML:1.0
M1: [ 8.1868213296990530e+02, 0., 3.1440678844359365e+02, 0.,
    8.1953843670801280e+02, 2.2760622462088352e+02, 0., 0., 1. ]
D1: [ -4.2685646409092981e-01, 2.6770002049642855e-01,
    3.3396793746336972e-05, 2.6742731028809676e-03,
    -1.7475588922026866e-01 ]
M2: [ 8.1400874084846339e+02, 0., 3.2119110012550607e+02, 0.,
    8.1463194468854954e+02, 2.3328212766194412e+02, 0., 0., 1. ]
D2: [ -4.2084234512219931e-01, 2.3198361877110590e-01,
    1.0318008119891307e-04, -5.3757527285685635e-04,
    -8.1940006528767192e-02 ]
R1: [ 9.9996718552538910e-01, -1.0792705107404688e-03,
    -8.0288883163583576e-03, 1.0572338336689725e-03,
    9.9999566423561337e-01, -2.7484116495498007e-03,
    8.0318197846350678e-03, 2.7398330494907020e-03,
    9.9996399094457800e-01 ]
R2: [ 9.9998146310119440e-01, -8.5676664269433462e-04,
    -6.0282173910996915e-03, 8.7330579522948047e-04,
    9.9999586067939883e-01, 2.7415253156330335e-03,
    6.0258435909347225e-03, -2.7467389734382370e-03,
    9.9997807207659783e-01 ]
P1: [ 7.6686855462812855e+02, 0., 3.2438112258911133e+02, 0., 0.,
    7.6686855462812855e+02, 2.2958358383178711e+02, 0., 0., 0., 1., 0. ]
P2: [ 7.6686855462812855e+02, 0., 3.2438112258911133e+02,
    -1.1523715328840080e+02, 0., 7.6686855462812855e+02,
    2.2958358383178711e+02, 0., 0., 0., 1., 0. ]
Q: [ 1., 0., 0., -3.2438112258911133e+02, 0., 1., 0.,
    -2.2958358383178711e+02, 0., 0., 0., 7.6686855462812855e+02, 0., 0.,
    6.6546988774437006e+00, 0. ]
T: [ -1.5026697398595473e-01, 1.2874611736334967e-04,
    9.0585877770122964e-04 ]
R: [ 9.9999797101306886e-01, -1.8943869020886733e-04,
    -2.0055130834852946e-03, 1.7842961666159816e-04,
    9.9998492400971373e-01, -5.4881614552536508e-03,
    2.0065225185072659e-03, 5.4877924769150873e-03,
    9.9998292885484452e-01 ]
size: [ 640, 480 ]
reprojectionError: 1.4505899845363893e-01
